0.000000000000000000e+00
0.000000000000000000e+00
0.000000000000000000e+00
0.000000000000000000e+00
0.000000000000000000e+00
0.000000000000000000e+00
0.000000000000000000e+00
0.000000000000000000e+00
0.000000000000000000e+00
3.324323681374841827e-02
5.148848075591143728e-03
6.105066726320272511e-04
4.100534641705647076e-01
1.934480910132433118e-01
4.075256015216557372e-03
0.000000000000000000e+00
0.000000000000000000e+00
2.976348452264915068e+00
3.407943320986762670e-01
1.452172586959458167e+00
0.000000000000000000e+00
0.000000000000000000e+00
0.000000000000000000e+00
0.000000000000000000e+00
0.000000000000000000e+00
1.964336318158282912e-02
3.623230445815217027e-01
3.623230445815217027e-01
2.339840667764285856e-02
5.643071090312118399e-01
0.000000000000000000e+00
0.000000000000000000e+00
8.738993932712135759e+00
8.738993932712135759e+00
0.000000000000000000e+00
3.511180560513511018e-01
0.000000000000000000e+00
0.000000000000000000e+00
3.270725833179504924e-03
0.000000000000000000e+00
0.000000000000000000e+00
2.330549154812508461e-01
1.416000144228429444e-02
0.000000000000000000e+00
7.128833822665050016e-03
0.000000000000000000e+00
2.747171227516513603e-02
2.498984458615759463e-01
3.331891396717949760e-01
0.000000000000000000e+00
0.000000000000000000e+00
0.000000000000000000e+00
1.865788676516650507e-02
1.570080996791531434e-03
0.000000000000000000e+00
0.000000000000000000e+00
7.770570263396619701e-03
3.917356966239843974e+00
1.038381548026774247e-03
2.421885506468590080e-03
0.000000000000000000e+00
0.000000000000000000e+00
0.000000000000000000e+00
0.000000000000000000e+00
1.379773332581816191e-02
0.000000000000000000e+00
0.000000000000000000e+00
6.594953784256989415e-01
5.432761843462011533e-03
2.488026878632242783e-02
1.465213616373187144e-02
1.540713861678163765e-01
3.421971216851529718e+00
0.000000000000000000e+00
0.000000000000000000e+00
1.320039994588540280e-02
0.000000000000000000e+00
0.000000000000000000e+00
0.000000000000000000e+00
4.328693057186439597e-01
1.215120030014377140e-03
0.000000000000000000e+00
3.004591892447006085e-02
3.590662189850990504e-03
0.000000000000000000e+00
5.320700454592024869e-02
0.000000000000000000e+00
8.853314311297036387e-02
0.000000000000000000e+00
5.663422740900186242e-02
0.000000000000000000e+00
0.000000000000000000e+00
0.000000000000000000e+00
0.000000000000000000e+00
0.000000000000000000e+00
0.000000000000000000e+00
6.945783517078278901e-01
1.021085294974747315e-01
0.000000000000000000e+00
0.000000000000000000e+00
0.000000000000000000e+00
0.000000000000000000e+00
3.771112300765560536e-03
2.811247169784480970e-01
3.769415024814930071e+00
0.000000000000000000e+00
0.000000000000000000e+00
0.000000000000000000e+00
0.000000000000000000e+00
2.677820292105127006e-03
9.183786162280882515e-03
4.979918392663600091e-02
0.000000000000000000e+00
0.000000000000000000e+00
0.000000000000000000e+00
4.851995859260174043e-02
2.432036923535777981e-02
1.433818078277890491e-02
1.981813321428109627e-03
0.000000000000000000e+00
0.000000000000000000e+00
7.442498027590978282e-02
0.000000000000000000e+00
0.000000000000000000e+00
0.000000000000000000e+00
1.693250404013049368e-02
0.000000000000000000e+00
0.000000000000000000e+00
0.000000000000000000e+00
3.754741775393945907e-02
6.790413466020867213e-03
0.000000000000000000e+00
0.000000000000000000e+00
0.000000000000000000e+00
0.000000000000000000e+00
0.000000000000000000e+00
0.000000000000000000e+00
4.287946653895648164e-02
3.048095789988783944e-01
0.000000000000000000e+00
1.108954142409734195e-02
1.680448900472498314e-02
0.000000000000000000e+00
0.000000000000000000e+00
5.534479598132404851e-03
9.117020566256220718e-03
6.125010381762519343e-03
0.000000000000000000e+00
8.818227827056341478e-03
2.125814587011533308e-03
2.231328093129343604e-01
0.000000000000000000e+00
0.000000000000000000e+00
0.000000000000000000e+00
0.000000000000000000e+00
7.286760036059072854e-02
1.798364840415701238e+01
0.000000000000000000e+00
0.000000000000000000e+00
1.481489444902779340e-01
1.688896267019451003e-01
7.083058357169655546e-03
5.687718469993367776e-02
0.000000000000000000e+00
5.411197905204242695e-03
0.000000000000000000e+00
3.047419316505566855e-01
5.394095203797795168e-01
3.175842149795985846e-03
7.325058504449807190e-03
0.000000000000000000e+00
0.000000000000000000e+00
6.776210048864837916e-03
1.421797834881050829e-03
3.330256640154449599e+01
1.450820674576036064e-02
1.201992798685525277e-01
3.513435751543441538e-02
5.585206218156976016e-02
2.838348243157709765e-03
0.000000000000000000e+00
0.000000000000000000e+00
3.086966163221652789e-03
4.167031783563843877e-03
5.410838069957844138e-02
2.341436412453934413e-01
3.940800224474612368e-02
5.445096406918112017e-03
2.753984490540226614e-03
0.000000000000000000e+00
0.000000000000000000e+00
0.000000000000000000e+00
1.743871315239783892e-01
6.514119007448644361e-01
5.767505050079491796e-03
0.000000000000000000e+00
3.346373333841354443e-03
0.000000000000000000e+00
2.709239515920676758e-02
5.588354018625407010e-03
5.397419710727110326e-02
8.390298864231255163e-03
0.000000000000000000e+00
5.476865254462015727e-03
0.000000000000000000e+00
0.000000000000000000e+00
1.912514785436451870e-01
0.000000000000000000e+00
0.000000000000000000e+00
0.000000000000000000e+00
0.000000000000000000e+00
0.000000000000000000e+00
0.000000000000000000e+00
0.000000000000000000e+00
0.000000000000000000e+00
4.868575434666296692e-02
0.000000000000000000e+00
0.000000000000000000e+00
0.000000000000000000e+00
3.616065636620354427e-03
0.000000000000000000e+00
0.000000000000000000e+00
5.995114214681454001e-01
0.000000000000000000e+00
2.041157664233183081e-02
0.000000000000000000e+00
0.000000000000000000e+00
0.000000000000000000e+00
0.000000000000000000e+00
0.000000000000000000e+00
0.000000000000000000e+00
0.000000000000000000e+00
6.001993430688643775e-04
0.000000000000000000e+00
0.000000000000000000e+00
0.000000000000000000e+00
2.399890117605560369e-02
0.000000000000000000e+00
6.321960723752344247e-02
0.000000000000000000e+00
0.000000000000000000e+00
0.000000000000000000e+00
0.000000000000000000e+00
0.000000000000000000e+00
0.000000000000000000e+00
0.000000000000000000e+00
0.000000000000000000e+00
9.882929274567436861e-03
0.000000000000000000e+00
0.000000000000000000e+00
0.000000000000000000e+00
1.273392079604381347e-02
0.000000000000000000e+00
0.000000000000000000e+00
0.000000000000000000e+00
0.000000000000000000e+00
0.000000000000000000e+00
3.297112204534772828e-01
3.115098536612440072e-01
0.000000000000000000e+00
0.000000000000000000e+00
8.778779312970894436e-03
0.000000000000000000e+00
7.993286848678669010e-01
5.799098816662605627e-01
1.100472337994634131e+01
1.100472337994634131e+01
1.012517715016450770e-01
0.000000000000000000e+00
0.000000000000000000e+00
1.705024502802683639e-01
0.000000000000000000e+00
0.000000000000000000e+00
3.344654549745434361e-03
0.000000000000000000e+00
9.221407391352590133e-02
0.000000000000000000e+00
1.056258241574940249e-01
1.756354030108059572e+00
0.000000000000000000e+00
0.000000000000000000e+00
0.000000000000000000e+00
0.000000000000000000e+00
7.787605295541091127e-03
0.000000000000000000e+00
3.494172159928089771e-02
0.000000000000000000e+00
0.000000000000000000e+00
2.013844524774225167e-02
1.209118790649185843e-01
5.577517137821415977e-02
3.526992866464539501e-03
2.137270339465017696e-02
0.000000000000000000e+00
3.315000536584526980e-01
0.000000000000000000e+00
0.000000000000000000e+00
2.280207827028067364e-03
0.000000000000000000e+00
2.148100265125690855e-02
2.158445122543011507e+01
4.632964672374120102e-02
5.264221905485667596e-01
0.000000000000000000e+00
9.831244900557339905e-02
6.056047326125239133e-02
0.000000000000000000e+00
1.773701090518247855e-02
0.000000000000000000e+00
4.646945244626252830e-02
3.404922961906268943e-03
2.566111252945350515e-02
2.104264912792744302e-01
0.000000000000000000e+00
-9.900000000000000000e+01
1.118488491934845584e-02
1.118488491934845584e-02
2.441008971250118245e-03
9.000007030306436673e-02
9.253112137509102164e-02
2.448633063857017511e-01
2.481592982684237558e-01
1.287611210857867450e+00
2.775533210985222515e-03
1.349808330381304933e-01
5.088080773578042802e-03
0.000000000000000000e+00
0.000000000000000000e+00
2.082345629397300973e-02
2.472005471322932715e-03
1.609831919163776104e-01
0.000000000000000000e+00
1.888409872832652603e-02
4.282927474131950629e-02
0.000000000000000000e+00
0.000000000000000000e+00
1.287381962446333987e-03
2.159297770677244543e-01
2.385458047456652519e-01
2.385458047456652519e-01
8.356349649322381001e-02
0.000000000000000000e+00
0.000000000000000000e+00
0.000000000000000000e+00
0.000000000000000000e+00
