0.000000000000000000e+00
0.000000000000000000e+00
3.132691016903180192e-02
0.000000000000000000e+00
0.000000000000000000e+00
3.393258866391957868e-02
0.000000000000000000e+00
0.000000000000000000e+00
0.000000000000000000e+00
0.000000000000000000e+00
0.000000000000000000e+00
0.000000000000000000e+00
0.000000000000000000e+00
0.000000000000000000e+00
1.068390678337857551e-02
6.056473419867837160e-01
0.000000000000000000e+00
0.000000000000000000e+00
1.079987299142135121e-01
2.015657150576098591e-03
0.000000000000000000e+00
0.000000000000000000e+00
0.000000000000000000e+00
7.031623232642827959e-02
1.985205148787131946e-01
1.321101610508153452e-02
1.077253121407276484e-02
3.391054621055539231e-02
0.000000000000000000e+00
1.134468781874559649e-02
1.031654446813070614e+00
9.693168125132831658e-01
0.000000000000000000e+00
0.000000000000000000e+00
0.000000000000000000e+00
5.923131607567498236e+00
4.323802726614774279e-03
4.814233269278022642e-01
0.000000000000000000e+00
3.062574892295900630e-01
3.233108923253847494e-02
0.000000000000000000e+00
0.000000000000000000e+00
1.047748929289188252e-01
1.460854599988191671e-01
0.000000000000000000e+00
4.543317593239237784e-01
6.539946580115405972e+00
6.257159290259783208e-03
1.332297269769870500e-02
0.000000000000000000e+00
0.000000000000000000e+00
4.221249435076322998e-01
0.000000000000000000e+00
0.000000000000000000e+00
9.176389119027331467e-03
1.333245536317990455e-02
2.920796072220909964e-02
0.000000000000000000e+00
1.976483789294990023e+00
1.612108007419733313e-01
6.402831215100760254e+00
1.892429943098192791e-01
1.401700430177955578e-02
2.067128046672627242e-02
0.000000000000000000e+00
2.293404095818871169e-02
1.542861681442067243e-02
0.000000000000000000e+00
3.616752767226380505e-02
3.230565117026045017e-03
1.129125724808891645e-02
5.507490580926308749e-02
1.666191560805551086e-01
0.000000000000000000e+00
2.458244248807593679e-02
5.657529463081701487e-02
0.000000000000000000e+00
3.427335291102510118e-01
2.985582605681321944e+00
1.385957642439648732e-03
4.131470459705433376e-03
2.320865403992128026e-02
6.454169714891842824e-02
1.145699146640404877e-02
0.000000000000000000e+00
0.000000000000000000e+00
0.000000000000000000e+00
0.000000000000000000e+00
9.684270768715658867e-03
0.000000000000000000e+00
0.000000000000000000e+00
1.062572021845125184e-02
9.128435445900273670e-02
1.016506407311825073e-02
1.016506407311825073e-02
5.303070919738040942e-03
6.410371216942938044e-02
0.000000000000000000e+00
0.000000000000000000e+00
0.000000000000000000e+00
2.538554266473405565e-03
2.538554266473405565e-03
5.311813872318910112e-03
0.000000000000000000e+00
0.000000000000000000e+00
0.000000000000000000e+00
3.815946575320355166e-02
0.000000000000000000e+00
0.000000000000000000e+00
1.628784456833686223e-01
0.000000000000000000e+00
1.219845926026600497e-01
8.197756607322501665e+00
2.098189334882566773e-02
9.811775207058915597e-04
9.661228222794420617e+00
0.000000000000000000e+00
6.126085662186987399e-03
0.000000000000000000e+00
3.143162380546839785e+01
3.316307031227588853e-02
0.000000000000000000e+00
1.067124280453555368e-02
9.975515532224234205e-03
4.886960995719245859e-02
0.000000000000000000e+00
0.000000000000000000e+00
0.000000000000000000e+00
6.552667203617358604e-02
0.000000000000000000e+00
1.138878449191605691e-01
1.643375557227133854e-01
6.574570759003738399e-03
6.820371553653002683e-02
6.802230124322438884e-03
1.532017017414679660e-01
5.467450743307921725e-03
0.000000000000000000e+00
0.000000000000000000e+00
0.000000000000000000e+00
0.000000000000000000e+00
3.236640768958752301e-01
1.672945286670239964e-02
2.100012084473727114e+00
4.938297411112545499e-01
1.940649171693285657e+00
6.547852235147902378e-02
1.836864056548828783e+00
5.273554631888928944e-03
0.000000000000000000e+00
0.000000000000000000e+00
9.720184867832110109e-01
0.000000000000000000e+00
0.000000000000000000e+00
0.000000000000000000e+00
2.467165683463571568e+00
4.064907466487303195e-02
2.297513468883993493e-01
4.376886082282723578e+00
6.672711735321816551e-02
1.887445158415787805e-01
0.000000000000000000e+00
8.120301893671261206e-02
1.090030577651941862e-01
2.434868507886890285e-03
0.000000000000000000e+00
1.661796758536650482e-03
4.644765714801489531e-02
3.378562081714737292e-02
1.857024835514769004e-02
3.411069819908932495e-03
1.454780653995099357e-02
1.410640822550694989e-03
0.000000000000000000e+00
7.684028308759012493e-02
0.000000000000000000e+00
1.998774087471822503e+00
1.281728903274022844e-03
9.695981074477537376e-02
0.000000000000000000e+00
1.308631156033900067e-01
8.676163682713939826e-03
0.000000000000000000e+00
4.436746527636015180e-01
6.145201411891629828e-01
2.489567756135889834e-03
1.135756451366719960e-03
0.000000000000000000e+00
1.039182828003695075e-01
1.602283099191750132e-02
0.000000000000000000e+00
2.624144087698808692e-01
3.405556798496747750e-01
0.000000000000000000e+00
3.451260628435972588e-01
0.000000000000000000e+00
0.000000000000000000e+00
0.000000000000000000e+00
0.000000000000000000e+00
9.544936615129382407e-01
7.003691000752400135e-03
0.000000000000000000e+00
2.342530650452419663e-02
1.355952942257585524e-02
0.000000000000000000e+00
8.489544872732117387e-03
0.000000000000000000e+00
2.246044054751243357e-01
1.781923242698973476e-03
0.000000000000000000e+00
3.634157346230327233e-03
1.236140003691518080e-02
1.170443905075057855e-01
1.519092184728483286e-01
0.000000000000000000e+00
2.309750444021054037e-03
0.000000000000000000e+00
0.000000000000000000e+00
0.000000000000000000e+00
2.100222229927716303e-03
7.212737584173446459e-01
5.251394039482384750e-03
4.098642381875607955e-03
2.980015025931807837e-02
0.000000000000000000e+00
0.000000000000000000e+00
0.000000000000000000e+00
0.000000000000000000e+00
7.377521645249160258e-03
3.041113325846568714e-03
0.000000000000000000e+00
3.205500279020739307e-01
0.000000000000000000e+00
5.956872059068404335e-01
0.000000000000000000e+00
0.000000000000000000e+00
0.000000000000000000e+00
0.000000000000000000e+00
2.543324589713860228e-03
3.033502670215770455e-03
0.000000000000000000e+00
7.111892516021707002e-03
3.987577861774138123e-03
3.987577861774138990e-03
-9.900000000000000000e+01
0.000000000000000000e+00
1.520125866779819257e-01
1.520125866779819257e-01
1.112425427691263484e-03
4.073562384162159322e-01
1.832934221526086663e-02
0.000000000000000000e+00
0.000000000000000000e+00
6.267821209935032709e-03
1.017347079415734878e+00
0.000000000000000000e+00
0.000000000000000000e+00
0.000000000000000000e+00
0.000000000000000000e+00
0.000000000000000000e+00
0.000000000000000000e+00
0.000000000000000000e+00
1.621734112345779300e-01
0.000000000000000000e+00
8.538864035104384853e-03
4.082627881951383930e-02
8.335982250609445116e-03
0.000000000000000000e+00
6.350608511513473713e-03
3.104631959079888048e-03
0.000000000000000000e+00
6.602221978857386597e-02
2.502780739317359560e-01
1.591100924302539868e-02
1.084389956819002077e+00
2.902692286795784393e-01
4.376457618177671122e-02
2.235644060285472620e-02
0.000000000000000000e+00
1.051135595565833719e-02
0.000000000000000000e+00
1.427034706439049387e-03
1.385957642439648732e-03
0.000000000000000000e+00
1.417852304924655193e+00
4.788630086002210011e-03
-9.900000000000000000e+01
-9.900000000000000000e+01
6.504712642962927338e-02
2.714384911645507156e-03
-9.900000000000000000e+01
0.000000000000000000e+00
0.000000000000000000e+00
-9.900000000000000000e+01
3.987577861774138990e-03
