0.000000000000000000e+00
0.000000000000000000e+00
0.000000000000000000e+00
0.000000000000000000e+00
0.000000000000000000e+00
0.000000000000000000e+00
0.000000000000000000e+00
0.000000000000000000e+00
3.324323681374841827e-02
0.000000000000000000e+00
3.454777396633790937e-02
8.451406711460623944e-02
3.035741223751425300e-01
4.100534641705647076e-01
8.744439108688238649e-02
0.000000000000000000e+00
0.000000000000000000e+00
0.000000000000000000e+00
3.407943320986762670e-01
0.000000000000000000e+00
0.000000000000000000e+00
0.000000000000000000e+00
1.854667583216190740e-02
0.000000000000000000e+00
0.000000000000000000e+00
2.339840667764285856e-02
0.000000000000000000e+00
4.024784693874622343e-01
0.000000000000000000e+00
8.344480640676638084e-02
6.621901674506920632e-02
0.000000000000000000e+00
0.000000000000000000e+00
0.000000000000000000e+00
0.000000000000000000e+00
0.000000000000000000e+00
3.322730728856060356e-02
4.517983233848371812e-03
1.796494264532083607e-02
0.000000000000000000e+00
4.446941003851932472e-01
2.626520178533604533e-01
6.934944466494966965e-04
7.770570263396619701e-03
2.629116085460709087e-02
1.038381548026774247e-03
2.421885506468590080e-03
4.800127170062515325e-02
7.443223437930451131e-03
0.000000000000000000e+00
0.000000000000000000e+00
2.488026878632242783e-02
0.000000000000000000e+00
5.874947867282406637e-03
0.000000000000000000e+00
0.000000000000000000e+00
6.458867038556595497e-02
6.105060044802716052e-02
0.000000000000000000e+00
0.000000000000000000e+00
4.328693057186439597e-01
2.908465984302947144e-02
1.215120030014377140e-03
9.058458426167624589e-02
0.000000000000000000e+00
5.663422740900186242e-02
0.000000000000000000e+00
0.000000000000000000e+00
1.265114056091095436e-03
0.000000000000000000e+00
2.408047212459547282e-01
3.699093460396656041e-02
0.000000000000000000e+00
5.853326556640279718e-03
1.387281286796650248e-01
0.000000000000000000e+00
1.021085294974747315e-01
0.000000000000000000e+00
3.771112300765560536e-03
3.771112300765560536e-03
3.769415024814930071e+00
5.543744370670399685e-02
0.000000000000000000e+00
8.636002343993057218e-02
3.992662065583430300e-03
5.666585588992451017e-02
0.000000000000000000e+00
0.000000000000000000e+00
0.000000000000000000e+00
0.000000000000000000e+00
0.000000000000000000e+00
0.000000000000000000e+00
0.000000000000000000e+00
4.431292918499602634e-02
0.000000000000000000e+00
0.000000000000000000e+00
0.000000000000000000e+00
3.049609537385499003e+00
0.000000000000000000e+00
0.000000000000000000e+00
0.000000000000000000e+00
6.656919137483346396e-04
0.000000000000000000e+00
6.790413466020867213e-03
0.000000000000000000e+00
0.000000000000000000e+00
0.000000000000000000e+00
0.000000000000000000e+00
0.000000000000000000e+00
4.287946653895648164e-02
0.000000000000000000e+00
2.039712850361914947e-03
0.000000000000000000e+00
0.000000000000000000e+00
9.117020566256220718e-03
5.842369423785233502e-03
0.000000000000000000e+00
2.014122144028595851e-01
2.014122144028595851e-01
2.558571266571669708e-02
6.806655047226600752e-02
0.000000000000000000e+00
7.288158965093506636e-02
4.956340162358558565e+00
2.125814587011533308e-03
0.000000000000000000e+00
2.231328093129343604e-01
0.000000000000000000e+00
0.000000000000000000e+00
7.228191855230095553e-02
7.286760036059072854e-02
6.052917884570736817e-02
1.921730194971144279e+00
3.598391189865486443e-03
5.432461485513274957e-03
8.398877259688005692e-01
0.000000000000000000e+00
3.132296945017499779e-01
8.988426798132864368e-03
0.000000000000000000e+00
3.258783161625289013e-03
5.090412657889024396e-03
0.000000000000000000e+00
6.224205063720117739e-03
1.556644917790924463e-03
2.586438335253222684e-03
2.586438335253222684e-03
5.970774580776179452e-02
3.830426087291098885e-03
0.000000000000000000e+00
0.000000000000000000e+00
6.175849490304018488e-03
5.445096406918112017e-03
0.000000000000000000e+00
0.000000000000000000e+00
4.969566508208751038e-03
8.924736188564463824e-02
0.000000000000000000e+00
4.367076954957133106e-01
8.412318668897658669e-02
2.586366163469307200e-03
1.382384525496899164e+00
2.502529463037762945e-03
4.400999635246075417e-03
2.709239515920676758e-02
9.402325911589983192e-04
0.000000000000000000e+00
0.000000000000000000e+00
0.000000000000000000e+00
0.000000000000000000e+00
8.390298864231255163e-03
0.000000000000000000e+00
0.000000000000000000e+00
0.000000000000000000e+00
1.849028186435317661e-03
6.789335892896222746e-02
0.000000000000000000e+00
0.000000000000000000e+00
0.000000000000000000e+00
0.000000000000000000e+00
0.000000000000000000e+00
2.802377433194545853e-02
2.903347260478328362e-02
0.000000000000000000e+00
0.000000000000000000e+00
0.000000000000000000e+00
6.819502340564901873e-04
0.000000000000000000e+00
2.041157664233183081e-02
0.000000000000000000e+00
0.000000000000000000e+00
0.000000000000000000e+00
0.000000000000000000e+00
0.000000000000000000e+00
0.000000000000000000e+00
0.000000000000000000e+00
0.000000000000000000e+00
9.202527874863307075e-03
0.000000000000000000e+00
1.556956616338350981e-02
0.000000000000000000e+00
0.000000000000000000e+00
0.000000000000000000e+00
0.000000000000000000e+00
0.000000000000000000e+00
0.000000000000000000e+00
0.000000000000000000e+00
2.264708217601092352e-03
0.000000000000000000e+00
0.000000000000000000e+00
1.239710361274193838e-02
4.933187251268483564e+00
0.000000000000000000e+00
0.000000000000000000e+00
5.799098816662605627e-01
1.056909136816008982e-01
1.723023647504439218e-02
6.204626392359102044e-02
1.705024502802683639e-01
0.000000000000000000e+00
1.756354030108059572e+00
0.000000000000000000e+00
2.205329741551246420e-02
0.000000000000000000e+00
0.000000000000000000e+00
0.000000000000000000e+00
0.000000000000000000e+00
5.577517137821415977e-02
2.581075489314086854e-02
1.486225625695591739e-02
5.410727838525651416e-03
8.101848283912145565e-02
0.000000000000000000e+00
1.129030991020687213e-01
2.148100265125690855e-02
7.431295286009418494e-03
0.000000000000000000e+00
1.764009944061091517e-01
2.104264912792744302e-01
9.000007030306436673e-02
9.253112137509102164e-02
0.000000000000000000e+00
0.000000000000000000e+00
4.334643166132719494e-01
0.000000000000000000e+00
4.475957308361414033e-02
4.510733215698871645e-01
4.878374609461398337e-01
8.210078018265945521e-02
0.000000000000000000e+00
7.482807348301489386e-03
4.282927474131950629e-02
8.356349649322381001e-02
8.356349649322381001e-02
0.000000000000000000e+00
0.000000000000000000e+00
0.000000000000000000e+00
9.019630636652974098e-03
5.527320272250143551e-01
1.008574032896340400e+00
